

[7.055312843339752, 7.151485463904735, 7.078341579557671, 7.123672785204607, 7.07326971745971, 6.992096427415888, 7.069023426578259, 7.101675971619444, 7.173958319756794, 7.072421900537371, 7.124478262493424, 7.0925737159746784, 7.1846291527173145, 7.191429330036379, 7.138866999945524, 7.1592919047975645, 7.149916836132109, 7.236339342754344, 7.134890851565884, 7.126087273299125, 7.197435354096591, 7.101675971619444, 7.122059881629142, 7.068172000388042, 6.966967138613983, 7.017506142941256, 7.023758954738443, 6.990256500493881, 6.97914527506881, 6.872128101338986, 6.942156705699469, 6.923628628138427, 6.846943139585379, 6.910750787961936, 6.905753276311464, 6.792344427470809, 6.71901315438526, 6.725033642166843, 6.787844982309579, 6.7357800142423265, 6.675823221634848, 6.656726524178391, 6.54965074223381, 6.530877627725885, 6.588926477533519, 6.46302945692067, 6.428105272684596, 6.440946540632921, 6.385194398997726, 6.282266746896006, 6.284134161070802, 6.222576268071369, 6.18826412308259, 6.1675164908883415, 6.075346031088684, 6.07073772800249, 5.973809611869261, 5.963579343618446, 5.932245187448011]

Model2
[ 1172.1719786114054, 1163.3984946305857, 1278.2642205177858, 1189.5602911687704, 1250.0701693610108,
  1184.2620161064078, 1079.2221738007677, 1166.1456503529553, 1219.6440232612306, 1296.5880735812777,
  1172.7961356116543, 1234.720343238261, 1196.6524109359823, 1311.0098947884692, 1319.0826994850127,
  1251.3801990399538, 1279.9243578512624, 1268.6411418452665, 1379.2008670329737, 1241.519054373928,
  1227.7164336044923, 1327.5222596865879, 1204.63124430407, 1228.3685900920043, 1154.8116435714544,
  1035.5511653315864, 1096.483227432282, 1095.8143087814822, 1070.834316678217, 1047.0642096929437,
  936.1623377057356, 1003.6282481197809, 998.7066266081765, 917.3774932413857, 990.4032894282078,
  977.5227010649635, 862.010182609365, 794.7488300801272, 795.4676230581566, 858.9532809638908,
  816.4373073402697, 767.5836857263967, 752.9964683784711, 678.0314719729621, 669.0326925772432,
  702.6334523746951, 614.9389431155086, 605.0010170014217, 612.6071953656215, 572.475696621981,
  519.4881801284921, 511.7136924234263, 485.22909425947233, 467.97829029808327, 457.2409112308338,
  426.18595338027643, 418.62843470349424, 381.8823843053808, 374.3443176813111]

  [ 7.0666137   7.05910074  7.15325836  7.08133901  7.13095496  7.07687509
  6.98399585  7.06145927  7.10631431  7.16749153  7.06714604  7.11859978
  7.08728328  7.17855303  7.18469185  7.13200238  7.15455626  7.14570164
  7.22925953  7.12409095  7.11291116  7.19106952  7.09392878  7.11344222
  7.05169253  6.94268909  6.99986327  6.99925303  6.97619336  6.95374554
  6.8417889   6.91137696  6.90646107  6.82151905  6.89811222  6.88502152
  6.75926708  6.67802613  6.67893015  6.75571453  6.70495013  6.64324751
  6.62406054  6.51919371  6.50583293  6.55483535  6.42152298  6.40523014
  6.41772394  6.34997028  6.25284406  6.23776527  6.18462114  6.14842191
  6.12521041  6.05487576  6.03698374  5.94511267  5.92517601]


Model1
[1151.6650415282552, 1145.550565155258, 1264.9538426064198, 1173.0733559834862, 1229.197887314138,
 1166.9554878853482, 1073.2717284950345, 1161.857999948827, 1201.6360035794255, 1294.6032565556238,
 1165.9359367061688, 1230.2190569361953, 1190.4125044891334, 1308.9240980522782, 1318.1328419689933,
 1248.604444135102, 1275.1754455063526, 1262.9098190166555, 1380.5979682091208, 1243.4965713985782,
 1232.2614725308504, 1326.3200148419164, 1201.6360035794255, 1227.1556245199517, 1160.8385828597343,
 1045.8232184798553, 1101.7591303537542, 1108.8844611943246, 1071.2377756942712, 1059.03650157236,
 948.4074666895993, 1019.4117477667714, 1000.1240161230763, 924.099270211255, 986.9335678249917,
 981.8617240462913, 873.5193932169761, 809.9144394837427, 814.957123724446, 869.4767347003587,
 824.0363135631553, 774.6423616446672, 759.5403852999449, 680.1562053007555, 667.1187907858465,
 708.2621237195445, 622.0492534978031, 600.0504805643262, 608.0472779976265, 574.0831963997108,
 516.2854864255834, 517.280413251036, 485.47184544734887, 468.5987201124565, 458.68182812125536,
 417.1027479259482, 415.1257997789369, 375.6479683201406, 371.7068246103772]

 [ 7.04896404  7.04364064  7.14279091  7.06738238  7.11411711  7.06215349
  6.97846695  7.05777573  7.09143924  7.16595956  7.06127942  7.11494753
  7.08205517  7.17696078  7.1839715   7.12978176  7.15083905  7.14117372
  7.23027199  7.12568251  7.11660636  7.19016348  7.09143924  7.11245427
  7.05689794  6.95255962  7.00466339  7.0111098   6.97657006  6.96511481
  6.85478423  6.92698102  6.90787929  6.8288195   6.89460273  6.88945049
  6.77253033  6.69692861  6.7031355   6.76789158  6.7142146   6.65240145
  6.63271349  6.52232249  6.50296813  6.56281426  6.43301928  6.39701379
  6.41025264  6.35277433  6.24665988  6.24858511  6.1851213   6.14974679
  6.12835678  6.03333259  6.02858161  5.92865245  5.91810544]
